# Created by Octave 4.0.3, Mon Jun 19 09:19:51 2017 MDT <savanna@savpad>
# name: data
# type: cell
# rows: 20
# columns: 1
# name: <cell-element>
# type: scalar struct
# ndims: 2
 1 1
# length: 2
# name: time
# type: scalar
1


# name: values
# type: matrix
# rows: 42
# columns: 2
 1350172 11.2358
 541023 5.49643
 1365733 8.553570000000001
 1937160 3.37254
 888467 6.84356
 1547722 6.82155
 686040 6.70846
 1667028 9.779389999999999
 239905 8.70002
 72166 11.5783
 298560 9.14711
 226573 6.65722
 619852 11.3427
 1648012 7.19434
 1532705 8.039490000000001
 1116475 8.61454
 1153615 9.153969999999999
 783678 11.752
 768225 7.47052
 1704778 7.31087
 309464 5.86824
 1315589 9.118779999999999
 30319 9.16685
 1711857 4.99717
 6391 9.94106
 1904124 8.448700000000001
 228332 9.831020000000001
 1209509 7.97113
 426922 8.752750000000001
 920806 6.60827
 1108964 9.00137
 1179780 8.290839999999999
 1429635 6.58664
 1111376 6.05235
 62246 8.006119999999999
 1431544 10.0896
 1926070 6.308
 706582 10.8973
 808480 6.05723
 2031270 10.2666
 1722584 5.63548
 61114 10.9814




# name: <cell-element>
# type: scalar struct
# ndims: 2
 1 1
# length: 2
# name: time
# type: scalar
2


# name: values
# type: matrix
# rows: 41
# columns: 2
 1366566 11.2358
 561488 5.49643
 1341166 8.553570000000001
 1910563 3.37254
 867982 6.84356
 1533401 6.82155
 655309 6.70846
 1636326 9.779389999999999
 264457 8.70002
 88521 11.5783
 280105 9.14711
 218356 6.65722
 607551 11.3427
 1633695 7.19434
 1538864 8.039490000000001
 1141053 8.61454
 1165906 9.153969999999999
 773429 11.752
 794841 7.47052
 1710942 7.31087
 336066 5.86824
 1323790 9.118779999999999
 9807 9.16685
 1687301 4.99717
 32983 9.94106
 1887766 8.448700000000001
 228307 9.831020000000001
 1205418 7.97113
 428951 8.752750000000001
 912610 6.60827
 1108966 9.00137
 1208456 8.290839999999999
 1458320 6.58664
 1099090 6.05235
 68360 8.006119999999999
 1928145 6.308
 739340 10.8973
 792088 6.05723
 2008771 10.2666
 1749229 5.63548
 38555 10.9814




# name: <cell-element>
# type: scalar struct
# ndims: 2
 1 1
# length: 2
# name: time
# type: scalar
3


# name: values
# type: matrix
# rows: 40
# columns: 2
 1380912 11.2358
 584001 5.49643
 1316599 8.553570000000001
 1883965 3.37254
 845448 6.84356
 1517032 6.82155
 624576 6.70846
 1603576 9.779389999999999
 289009 8.70002
 106924 11.5783
 263697 9.14711
 212187 6.65722
 599345 11.3427
 1621424 7.19434
 1545023 8.039490000000001
 1163585 8.61454
 1180246 9.153969999999999
 763181 11.752
 821457 7.47052
 1715059 7.31087
 362668 5.86824
 1331990 9.118779999999999
 1662744 4.99717
 59577 9.94106
 1869360 8.448700000000001
 230330 9.831020000000001
 1199279 7.97113
 433028 8.752750000000001
 906461 6.60827
 1108968 9.00137
 1237133 8.290839999999999
 1487005 6.58664
 1088851 6.05235
 76522 8.006119999999999
 1930220 6.308
 772099 10.8973
 775696 6.05723
 1986273 10.2666
 1773827 5.63548
 18044 10.9814




# name: <cell-element>
# type: scalar struct
# ndims: 2
 1 1
# length: 2
# name: time
# type: scalar
4


# name: values
# type: matrix
# rows: 38
# columns: 2
 1395258 11.2358
 608563 5.49643
 1292031 8.553570000000001
 1857366 3.37254
 824961 6.84356
 1500662 6.82155
 593843 6.70846
 315611 8.70002
 127375 11.5783
 247289 9.14711
 206017 6.65722
 589091 11.3427
 1607106 7.19434
 1551183 8.039490000000001
 1186116 8.61454
 1194586 9.153969999999999
 752932 11.752
 848075 7.47052
 1719175 7.31087
 391320 5.86824
 1338143 9.118779999999999
 1638186 4.99717
 86171 9.94106
 1850953 8.448700000000001
 232353 9.831020000000001
 2017306 7.21419
 1193140 7.97113
 437106 8.752750000000001
 898265 6.60827
 1111018 9.00137
 1263764 8.290839999999999
 1513643 6.58664
 1078612 6.05235
 86732 8.006119999999999
 1930247 6.308
 757256 6.05723
 1961725 10.2666
 1798425 5.63548




# name: <cell-element>
# type: scalar struct
# ndims: 2
 1 1
# length: 2
# name: time
# type: scalar
5


# name: values
# type: matrix
# rows: 39
# columns: 2
 1409605 11.2358
 631078 5.49643
 1267462 8.553570000000001
 1830766 3.37254
 804474 6.84356
 1484292 6.82155
 563108 6.70846
 4102 6.40585
 342213 8.70002
 147827 11.5783
 230880 9.14711
 199847 6.65722
 578837 11.3427
 1592787 7.19434
 1557342 8.039490000000001
 1208649 8.61454
 1206879 9.153969999999999
 744731 11.752
 874693 7.47052
 1723292 7.31087
 419972 5.86824
 1346344 9.118779999999999
 1611580 4.99717
 114814 9.94106
 1832545 8.448700000000001
 236424 9.831020000000001
 2048056 7.21419
 1187000 7.97113
 443231 8.752750000000001
 892116 6.60827
 1111020 9.00137
 1292443 8.290839999999999
 1542329 6.58664
 1066325 6.05235
 96943 8.006119999999999
 1928226 6.308
 740862 6.05723
 1937177 10.2666
 1820977 5.63548




# name: <cell-element>
# type: scalar struct
# ndims: 2
 1 1
# length: 2
# name: time
# type: scalar
6


# name: values
# type: matrix
# rows: 41
# columns: 2
 1423952 11.2358
 653594 5.49643
 1242892 8.553570000000001
 1802118 3.37254
 783987 6.84356
 1467921 6.82155
 534421 6.70846
 368815 8.70002
 168280 11.5783
 214471 9.14711
 193677 6.65722
 570631 11.3427
 1576419 7.19434
 1561454 8.039490000000001
 1229134 8.61454
 1221220 9.153969999999999
 734481 11.752
 901312 7.47052
 1725361 7.31087
 448625 5.86824
 1352497 9.118779999999999
 1584973 4.99717
 143458 9.94106
 1812089 8.448700000000001
 240495 9.831020000000001
 2078807 7.21419
 1180860 7.97113
 447309 8.752750000000001
 883919 6.60827
 1111022 9.00137
 1321123 8.290839999999999
 1568969 6.58664
 1056085 6.05235
 109202 8.006119999999999
 1928253 6.308
 622 7.18593
 724469 6.05723
 1775653 9.119870000000001
 1910579 10.2666
 444407 8.214930000000001
 1843529 5.63548




# name: <cell-element>
# type: scalar struct
# ndims: 2
 1 1
# length: 2
# name: time
# type: scalar
7


# name: values
# type: matrix
# rows: 40
# columns: 2
 1438300 11.2358
 678158 5.49643
 1216274 8.553570000000001
 1771421 3.37254
 763498 6.84356
 1451549 6.82155
 503685 6.70846
 395419 8.70002
 190781 11.5783
 202157 9.14711
 189555 6.65722
 562424 11.3427
 1562099 7.19434
 1567614 8.039490000000001
 1251668 8.61454
 1233514 9.153969999999999
 726280 11.752
 927932 7.47052
 1727429 7.31087
 477279 5.86824
 1358651 9.118779999999999
 1556317 4.99717
 174150 9.94106
 1791632 8.448700000000001
 246615 9.831020000000001
 1176768 7.97113
 453434 8.752750000000001
 877770 6.60827
 1113072 9.00137
 1347756 8.290839999999999
 1595609 6.58664
 1045846 6.05235
 121461 8.006119999999999
 1924184 6.308
 12878 7.18593
 708075 6.05723
 1806396 9.119870000000001
 1883981 10.2666
 411620 8.214930000000001
 1866082 5.63548




# name: <cell-element>
# type: scalar struct
# ndims: 2
 1 1
# length: 2
# name: time
# type: scalar
8


# name: values
# type: matrix
# rows: 41
# columns: 2
 1450600 11.2358
 702723 5.49643
 1148930 8.728870000000001
 1191703 8.553570000000001
 1742770 3.37254
 745057 6.84356
 1433129 6.82155
 474996 6.70846
 424071 8.70002
 215331 11.5783
 187795 9.14711
 187480 6.65722
 554217 11.3427
 1545731 7.19434
 1571726 8.039490000000001
 1274203 8.61454
 1247856 9.153969999999999
 718078 11.752
 954553 7.47052
 1729498 7.31087
 507982 5.86824
 1364805 9.118779999999999
 1529708 4.99717
 204844 9.94106
 1771174 8.448700000000001
 250686 9.831020000000001
 1168580 7.97113
 461608 8.752750000000001
 871621 6.60827
 1113074 9.00137
 1374389 8.290839999999999
 1620203 6.58664
 1033557 6.05235
 133721 8.006119999999999
 1922163 6.308
 27182 7.18593
 693728 6.05723
 1837140 9.119870000000001
 1855335 10.2666
 380880 8.214930000000001
 1888635 5.63548




# name: <cell-element>
# type: scalar struct
# ndims: 2
 1 1
# length: 2
# name: time
# type: scalar
9


