# Created by Octave 4.0.3, Wed Jun 21 13:06:37 2017 MDT <savanna@savpad>
# name: data
# type: cell
# rows: 40
# columns: 1
# name: <cell-element>
# type: scalar struct
# ndims: 2
 1 1
# length: 2
# name: time
# type: scalar
1


# name: values
# type: matrix
# rows: 42
# columns: 2
 1350172 11.2358
 541023 5.49643
 1365733 8.553570000000001
 1937160 3.37254
 888467 6.84356
 1547722 6.82155
 686040 6.70846
 1667028 9.779389999999999
 239905 8.70002
 72166 11.5783
 298560 9.14711
 226573 6.65722
 619852 11.3427
 1648012 7.19434
 1532705 8.039490000000001
 1116475 8.61454
 1153615 9.153969999999999
 783678 11.752
 768225 7.47052
 1704778 7.31087
 309464 5.86824
 1315589 9.118779999999999
 30319 9.16685
 1711857 4.99717
 6391 9.94106
 1904124 8.448700000000001
 228332 9.831020000000001
 1209509 7.97113
 426922 8.752750000000001
 920806 6.60827
 1108964 9.00137
 1179780 8.290839999999999
 1429635 6.58664
 1111376 6.05235
 62246 8.006119999999999
 1431544 10.0896
 1926070 6.308
 706582 10.8973
 808480 6.05723
 2031270 10.2666
 1722584 5.63548
 61114 10.9814




# name: <cell-element>
# type: scalar struct
# ndims: 2
 1 1
# length: 2
# name: time
# type: scalar
2


# name: values
# type: matrix
# rows: 42
# columns: 2
 1350164 11.2358
 541015 5.49643
 1365725 8.553570000000001
 1937152 3.37254
 888459 6.84356
 1547714 6.82155
 686032 6.70846
 1667020 9.779389999999999
 239897 8.70002
 72158 11.5783
 298552 9.14711
 226565 6.65722
 619844 11.3427
 1648004 7.19434
 1532697 8.039490000000001
 1116467 8.61454
 1153607 9.153969999999999
 783670 11.752
 768217 7.47052
 1704770 7.31087
 309456 5.86824
 1315581 9.118779999999999
 30311 9.16685
 1711849 4.99717
 6383 9.94106
 1904116 8.448700000000001
 228324 9.831020000000001
 1209501 7.97113
 426914 8.752750000000001
 920798 6.60827
 1108956 9.00137
 1179772 8.290839999999999
 1429627 6.58664
 1111368 6.05235
 62238 8.006119999999999
 1431536 10.0896
 1926062 6.308
 706574 10.8973
 808472 6.05723
 2031262 10.2666
 1722576 5.63548
 61106 10.9814




# name: <cell-element>
# type: scalar struct
# ndims: 2
 1 1
# length: 2
# name: time
# type: scalar
3


# name: values
# type: matrix
# rows: 42
# columns: 2
 1350156 11.2358
 541007 5.49643
 1365717 8.553570000000001
 1937144 3.37254
 888451 6.84356
 1547706 6.82155
 686024 6.70846
 1667012 9.779389999999999
 239889 8.70002
 72150 11.5783
 298544 9.14711
 226557 6.65722
 619836 11.3427
 1647996 7.19434
 1532689 8.039490000000001
 1116459 8.61454
 1153599 9.153969999999999
 783662 11.752
 768209 7.47052
 1704762 7.31087
 309448 5.86824
 1315573 9.118779999999999
 30303 9.16685
 1711841 4.99717
 6375 9.94106
 1904108 8.448700000000001
 228316 9.831020000000001
 1209493 7.97113
 426906 8.752750000000001
 920790 6.60827
 1108948 9.00137
 1179764 8.290839999999999
 1429619 6.58664
 1111360 6.05235
 62230 8.006119999999999
 1431528 10.0896
 1926054 6.308
 706566 10.8973
 808464 6.05723
 2031254 10.2666
 1722568 5.63548
 61098 10.9814




# name: <cell-element>
# type: scalar struct
# ndims: 2
 1 1
# length: 2
# name: time
# type: scalar
4


# name: values
# type: matrix
# rows: 41
# columns: 2
 1350148 11.2358
 540999 5.49643
 1365709 8.553570000000001
 1937136 3.37254
 888443 6.84356
 1547698 6.82155
 686016 6.70846
 1667004 9.779389999999999
 239881 8.70002
 72142 11.5783
 298536 9.14711
 226549 6.65722
 619828 11.3427
 1647988 7.19434
 1532681 8.039490000000001
 1116451 8.61454
 1153591 9.153969999999999
 783654 11.752
 768201 7.47052
 1704754 7.31087
 309440 5.86824
 1315565 9.118779999999999
 30295 9.16685
 1711833 4.99717
 6367 9.94106
 1904100 8.448700000000001
 228308 9.831020000000001
 1209485 7.97113
 426898 8.752750000000001
 920782 6.60827
 1108940 9.00137
 1179756 8.290839999999999
 1429611 6.58664
 1111352 6.05235
 62222 8.006119999999999
 1431520 10.0896
 1926046 6.308
 808456 6.05723
 2031246 10.2666
 1722560 5.63548
 61090 10.9814




# name: <cell-element>
# type: scalar struct
# ndims: 2
 1 1
# length: 2
# name: time
# type: scalar
5


# name: values
# type: matrix
# rows: 41
# columns: 2
 1350140 11.2358
 540991 5.49643
 1365701 8.553570000000001
 1937128 3.37254
 888435 6.84356
 1547690 6.82155
 686008 6.70846
 1666996 9.779389999999999
 239873 8.70002
 72134 11.5783
 298528 9.14711
 226541 6.65722
 619820 11.3427
 1647980 7.19434
 1532673 8.039490000000001
 1116443 8.61454
 1153583 9.153969999999999
 783646 11.752
 768193 7.47052
 1704746 7.31087
 309432 5.86824
 1315557 9.118779999999999
 30287 9.16685
 1711825 4.99717
 6359 9.94106
 1904092 8.448700000000001
 228300 9.831020000000001
 1209477 7.97113
 426890 8.752750000000001
 920774 6.60827
 1108932 9.00137
 1179748 8.290839999999999
 1429603 6.58664
 1111344 6.05235
 62214 8.006119999999999
 1431512 10.0896
 1926038 6.308
 808448 6.05723
 2031238 10.2666
 1722552 5.63548
 61082 10.9814




# name: <cell-element>
# type: scalar struct
# ndims: 2
 1 1
# length: 2
# name: time
# type: scalar
6


# name: values
# type: matrix
# rows: 41
# columns: 2
 1350132 11.2358
 540983 5.49643
 1365693 8.553570000000001
 1937120 3.37254
 888427 6.84356
 1547682 6.82155
 686000 6.70846
 1666988 9.779389999999999
 239865 8.70002
 72126 11.5783
 298520 9.14711
 226533 6.65722
 619812 11.3427
 1647972 7.19434
 1532665 8.039490000000001
 1116435 8.61454
 1153575 9.153969999999999
 783638 11.752
 768185 7.47052
 1704738 7.31087
 309424 5.86824
 1315549 9.118779999999999
 30279 9.16685
 1711817 4.99717
 6351 9.94106
 1904084 8.448700000000001
 228292 9.831020000000001
 1209469 7.97113
 426882 8.752750000000001
 920766 6.60827
 1108924 9.00137
 1179740 8.290839999999999
 1429595 6.58664
 1111336 6.05235
 62206 8.006119999999999
 1431504 10.0896
 1926030 6.308
 808440 6.05723
 2031230 10.2666
 1722544 5.63548
 61074 10.9814




# name: <cell-element>
# type: scalar struct
# ndims: 2
 1 1
# length: 2
# name: time
# type: scalar
7


# name: values
# type: matrix
# rows: 41
# columns: 2
 1350124 11.2358
 540975 5.49643
 1365685 8.553570000000001
 1937112 3.37254
 888419 6.84356
 1547674 6.82155
 685992 6.70846
 1666980 9.779389999999999
 239857 8.70002
 72118 11.5783
 298512 9.14711
 226525 6.65722
 619804 11.3427
 1647964 7.19434
 1532657 8.039490000000001
 1116427 8.61454
 1153567 9.153969999999999
 783630 11.752
 768177 7.47052
 1704730 7.31087
 309416 5.86824
 1315541 9.118779999999999
 30271 9.16685
 1711809 4.99717
 6343 9.94106
 1904076 8.448700000000001
 228284 9.831020000000001
 1209461 7.97113
 426874 8.752750000000001
 920758 6.60827
 1108916 9.00137
 1179732 8.290839999999999
 1429587 6.58664
 1111328 6.05235
 62198 8.006119999999999
 1431496 10.0896
 1926022 6.308
 808432 6.05723
 2031222 10.2666
 1722536 5.63548
 61066 10.9814




# name: <cell-element>
# type: scalar struct
# ndims: 2
 1 1
# length: 2
# name: time
# type: scalar
8


# name: values
# type: matrix
# rows: 41
# columns: 2
 1350116 11.2358
 540967 5.49643
 1365677 8.553570000000001
 1937104 3.37254
 888411 6.84356
 1547666 6.82155
 685984 6.70846
 1666972 9.779389999999999
 239849 8.70002
 72110 11.5783
 298504 9.14711
 226517 6.65722
 619796 11.3427
 1647956 7.19434
 1532649 8.039490000000001
 1116419 8.61454
 1153559 9.153969999999999
 783622 11.752
 768169 7.47052
 1704722 7.31087
 309408 5.86824
 1315533 9.118779999999999
 30263 9.16685
 1711801 4.99717
 6335 9.94106
 1904068 8.448700000000001
 228276 9.831020000000001
 1209453 7.97113
 426866 8.752750000000001
 920750 6.60827
 1108908 9.00137
 1179724 8.290839999999999
 1429579 6.58664
 1111320 6.05235
 62190 8.006119999999999
 1431488 10.0896
 1926014 6.308
 808424 6.05723
 2031214 10.2666
 1722528 5.63548
 61058 10.9814




# name: <cell-element>
# type: scalar struct
# ndims: 2
 1 1
# length: 2
# name: time
# type: scalar
9


