# Created by Octave 4.0.3, Fri Jul 07 14:03:09 2017 MDT <savanna@savpad>
# name: data
# type: cell
# rows: 100
# columns: 1
# name: <cell-element>
# type: scalar struct
# ndims: 2
 1 1
# length: 2
# name: time
# type: scalar
1


# name: values
# type: matrix
# rows: 42
# columns: 2
 1350172 11.2358
 541023 5.49643
 1365733 8.553570000000001
 1937160 3.37254
 888467 6.84356
 1547722 6.82155
 686040 6.70846
 1667028 9.779389999999999
 239905 8.70002
 72166 11.5783
 298560 9.14711
 226573 6.65722
 619852 11.3427
 1648012 7.19434
 1532705 8.039490000000001
 1116475 8.61454
 1153615 9.153969999999999
 783678 11.752
 768225 7.47052
 1704778 7.31087
 309464 5.86824
 1315589 9.118779999999999
 30319 9.16685
 1711857 4.99717
 6391 9.94106
 1904124 8.448700000000001
 228332 9.831020000000001
 1209509 7.97113
 426922 8.752750000000001
 920806 6.60827
 1108964 9.00137
 1179780 8.290839999999999
 1429635 6.58664
 1111376 6.05235
 62246 8.006119999999999
 1431544 10.0896
 1926070 6.308
 706582 10.8973
 808480 6.05723
 2031270 10.2666
 1722584 5.63548
 61114 10.9814




# name: <cell-element>
# type: scalar struct
# ndims: 2
 1 1
# length: 2
# name: time
# type: scalar
2


# name: values
# type: matrix
# rows: 41
# columns: 2
 1350204 11.2358
 541055 5.49643
 1365765 8.553570000000001
 1937192 3.37254
 888499 6.84356
 1547754 6.82155
 686072 6.70846
 1667060 9.779389999999999
 239937 8.70002
 72198 11.5783
 298592 9.14711
 226605 6.65722
 619884 11.3427
 1648044 7.19434
 1532737 8.039490000000001
 1116507 8.61454
 1153647 9.153969999999999
 783710 11.752
 768257 7.47052
 1704810 7.31087
 309496 5.86824
 1315621 9.118779999999999
 30351 9.16685
 1711889 4.99717
 6423 9.94106
 1904156 8.448700000000001
 228364 9.831020000000001
 1209541 7.97113
 426954 8.752750000000001
 920838 6.60827
 1108996 9.00137
 1179812 8.290839999999999
 1429667 6.58664
 1111408 6.05235
 62278 8.006119999999999
 1926102 6.308
 706614 10.8973
 808512 6.05723
 2031302 10.2666
 1722616 5.63548
 61146 10.9814




# name: <cell-element>
# type: scalar struct
# ndims: 2
 1 1
# length: 2
# name: time
# type: scalar
3


# name: values
# type: matrix
# rows: 39
# columns: 2
 1350236 11.2358
 541086 5.49643
 1365797 8.553570000000001
 1937223 3.37254
 888531 6.84356
 1547786 6.82155
 242017 8.70002
 72230 11.5783
 298624 9.14711
 228685 6.65722
 619916 11.3427
 1648076 7.19434
 1532769 8.039490000000001
 1118587 8.61454
 1153678 9.153969999999999
 783741 11.752
 770336 7.47052
 1704842 7.31087
 309528 5.86824
 1315653 9.118779999999999
 30382 9.16685
 1713968 4.99717
 8503 9.94106
 1904188 8.448700000000001
 228396 9.831020000000001
 1211621 7.97113
 426986 8.752750000000001
 920869 6.60827
 1109028 9.00137
 1179843 8.290839999999999
 1431747 6.58664
 1111440 6.05235
 62309 8.006119999999999
 1926134 6.308
 706645 10.8973
 810592 6.05723
 2031333 10.2666
 1724695 5.63548
 61178 10.9814




# name: <cell-element>
# type: scalar struct
# ndims: 2
 1 1
# length: 2
# name: time
# type: scalar
4


# name: values
# type: matrix
# rows: 40
# columns: 2
 1352315 11.2358
 543166 5.49643
 1367876 8.553570000000001
 1939303 3.37254
 890610 6.84356
 1549865 6.82155
 242048 8.70002
 74309 11.5783
 300703 9.14711
 228717 6.65722
 621995 11.3427
 1650155 7.19434
 1534848 8.039490000000001
 1118618 8.61454
 219162 8.2235
 1155758 9.153969999999999
 785821 11.752
 770368 7.47052
 1706921 7.31087
 311607 5.86824
 1317732 9.118779999999999
 32462 9.16685
 1714000 4.99717
 8534 9.94106
 1906267 8.448700000000001
 230475 9.831020000000001
 1211652 7.97113
 429065 8.752750000000001
 922949 6.60827
 1111107 9.00137
 1181923 8.290839999999999
 1431778 6.58664
 1113519 6.05235
 64389 8.006119999999999
 1928213 6.308
 708725 10.8973
 810623 6.05723
 2033413 10.2666
 1724727 5.63548
 63257 10.9814




# name: <cell-element>
# type: scalar struct
# ndims: 2
 1 1
# length: 2
# name: time
# type: scalar
5


# name: values
# type: matrix
# rows: 41
# columns: 2
 1354394 11.2358
 545245 5.49643
 1369955 8.553570000000001
 1941382 3.37254
 892689 6.84356
 1551944 6.82155
 244127 8.70002
 74340 11.5783
 302782 9.14711
 230796 6.65722
 624074 11.3427
 1652234 7.19434
 1536927 8.039490000000001
 1120697 8.61454
 219193 8.2235
 1157837 9.153969999999999
 787900 11.752
 772447 7.47052
 1709000 7.31087
 313686 5.86824
 1319811 9.118779999999999
 34541 9.16685
 1716079 4.99717
 10613 9.94106
 1908346 8.448700000000001
 232554 9.831020000000001
 1213731 7.97113
 431144 8.752750000000001
 925028 6.60827
 1113186 9.00137
 1184002 8.290839999999999
 1640476 9.66419
 1433857 6.58664
 1115598 6.05235
 66468 8.006119999999999
 1930292 6.308
 710804 10.8973
 812702 6.05723
 2035492 10.2666
 1726806 5.63548
 63288 10.9814




# name: <cell-element>
# type: scalar struct
# ndims: 2
 1 1
# length: 2
# name: time
# type: scalar
6


# name: values
# type: matrix
# rows: 41
# columns: 2
 1356473 11.2358
 547324 5.49643
 1372034 8.553570000000001
 1943461 3.37254
 894768 6.84356
 1554023 6.82155
 248254 8.70002
 78467 11.5783
 304861 9.14711
 234922 6.65722
 626153 11.3427
 1654313 7.19434
 1539006 8.039490000000001
 1124824 8.61454
 223319 8.2235
 1159915 9.153969999999999
 789979 11.752
 776574 7.47052
 1711079 7.31087
 315765 5.86824
 1321890 9.118779999999999
 36620 9.16685
 1720205 4.99717
 14740 9.94106
 1910425 8.448700000000001
 234633 9.831020000000001
 1217858 7.97113
 433223 8.752750000000001
 927106 6.60827
 1115265 9.00137
 1186080 8.290839999999999
 1642555 9.66419
 1435936 6.58664
 1117677 6.05235
 68547 8.006119999999999
 1932371 6.308
 712882 10.8973
 816829 6.05723
 2037570 10.2666
 1728884 5.63548
 67415 10.9814




# name: <cell-element>
# type: scalar struct
# ndims: 2
 1 1
# length: 2
# name: time
# type: scalar
7


# name: values
# type: matrix
# rows: 41
# columns: 2
 1360599 11.2358
 551450 5.49643
 1374112 8.553570000000001
 1945539 3.37254
 898894 6.84356
 1558149 6.82155
 250333 8.70002
 80546 11.5783
 308987 9.14711
 237001 6.65722
 628231 11.3427
 1658440 7.19434
 1543132 8.039490000000001
 1126902 8.61454
 225398 8.2235
 1161994 9.153969999999999
 794105 11.752
 778652 7.47052
 1715205 7.31087
 319891 5.86824
 1326017 9.118779999999999
 38698 9.16685
 1722284 4.99717
 16818 9.94106
 1914552 8.448700000000001
 238760 9.831020000000001
 1219937 7.97113
 437350 8.752750000000001
 929185 6.60827
 1117343 9.00137
 1188159 8.290839999999999
 1644633 9.66419
 1440063 6.58664
 1121803 6.05235
 70625 8.006119999999999
 1936497 6.308
 717009 10.8973
 818907 6.05723
 2041697 10.2666
 1733011 5.63548
 69493 10.9814




# name: <cell-element>
# type: scalar struct
# ndims: 2
 1 1
# length: 2
# name: time
# type: scalar
8


# name: values
# type: matrix
# rows: 41
# columns: 2
 1364725 11.2358
 553528 5.49643
 1378238 8.553570000000001
 1949665 3.37254
 903020 6.84356
 1562275 6.82155
 254459 8.70002
 84672 11.5783
 313113 9.14711
 241127 6.65722
 632357 11.3427
 1662566 7.19434
 1547258 8.039490000000001
 1131028 8.61454
 229524 8.2235
 1166120 9.153969999999999
 796183 11.752
 782778 7.47052
 1719331 7.31087
 324017 5.86824
 1330143 9.118779999999999
 42824 9.16685
 1726410 4.99717
 20944 9.94106
 1918678 8.448700000000001
 240838 9.831020000000001
 1224063 7.97113
 441476 8.752750000000001
 933311 6.60827
 1121469 9.00137
 1192285 8.290839999999999
 1648759 9.66419
 1444189 6.58664
 1123881 6.05235
 74751 8.006119999999999
 1940623 6.308
 721135 10.8973
 823033 6.05723
 2045823 10.2666
 1737137 5.63548
 73619 10.9814




# name: <cell-element>
# type: scalar struct
# ndims: 2
 1 1
# length: 2
# name: time
# type: scalar
9


