# Created by Octave 4.0.3, Mon Jun 05 11:39:44 2017 MDT <savanna@savpad>
# name: data
# type: cell
# rows: 20
# columns: 1
# name: <cell-element>
# type: scalar struct
# ndims: 2
 1 1
# length: 2
# name: time
# type: scalar
1


# name: values
# type: matrix
# rows: 42
# columns: 2
 674069 10.8973
 1363953 6.58664
 1124394 8.290839999999999
 1643321 5.63548
 295342 5.86824
 733473 7.47052
 6856 9.94106
 229715 8.70002
 1065558 8.61454
 515426 5.49643
 67951 11.5783
 1287895 11.2358
 1099504 9.153969999999999
 1254700 9.118779999999999
 1461501 8.039490000000001
 58587 8.006119999999999
 1625407 7.31087
 406947 8.752750000000001
 1837061 6.308
 1056929 9.00137
 217171 9.831020000000001
 1154265 7.97113
 877526 6.60827
 217008 6.65722
 746850 11.752
 590320 11.3427
 1059385 6.05235
 1571286 7.19434
 1475662 6.82155
 1816048 8.448700000000001
 771708 6.05723
 284789 9.14711
 28086 9.16685
 847006 6.84356
 1936917 10.2666
 57444 10.9814
 1301632 8.553570000000001
 1633450 4.99717
 1846804 3.37254
 1589999 9.779389999999999
 655000 6.70846
 1364353 10.0896




# name: <cell-element>
# type: scalar struct
# ndims: 2
 1 1
# length: 2
# name: time
# type: scalar
2


# name: values
# type: matrix
# rows: 41
# columns: 2
 674269 10.8973
 1364153 6.58664
 1124594 8.290839999999999
 1643521 5.63548
 295542 5.86824
 733673 7.47052
 7056 9.94106
 229915 8.70002
 1065758 8.61454
 515626 5.49643
 68151 11.5783
 1288095 11.2358
 1099704 9.153969999999999
 1254900 9.118779999999999
 1461701 8.039490000000001
 58787 8.006119999999999
 1625607 7.31087
 407147 8.752750000000001
 1837261 6.308
 1057129 9.00137
 217371 9.831020000000001
 1154465 7.97113
 877726 6.60827
 217208 6.65722
 747050 11.752
 590520 11.3427
 1059585 6.05235
 1571486 7.19434
 1475862 6.82155
 1816248 8.448700000000001
 771908 6.05723
 284989 9.14711
 28286 9.16685
 847206 6.84356
 1937117 10.2666
 57644 10.9814
 1301832 8.553570000000001
 1633650 4.99717
 1847004 3.37254
 1560008 9.66419
 206264 8.2235




# name: <cell-element>
# type: scalar struct
# ndims: 2
 1 1
# length: 2
# name: time
# type: scalar
3


# name: values
# type: matrix
# rows: 40
# columns: 2
 674469 10.8973
 1364353 6.58664
 1124794 8.290839999999999
 1643721 5.63548
 295742 5.86824
 733873 7.47052
 7256 9.94106
 230115 8.70002
 1065958 8.61454
 515826 5.49643
 68351 11.5783
 1288295 11.2358
 1099904 9.153969999999999
 1255100 9.118779999999999
 1461901 8.039490000000001
 58987 8.006119999999999
 1625807 7.31087
 407347 8.752750000000001
 1837461 6.308
 1057329 9.00137
 217571 9.831020000000001
 1154665 7.97113
 877926 6.60827
 217408 6.65722
 747250 11.752
 590720 11.3427
 1059785 6.05235
 1571686 7.19434
 1476062 6.82155
 1816448 8.448700000000001
 772108 6.05723
 285189 9.14711
 370773 8.865069999999999
 1965752 5.64483
 747274 5.05418
 1878424 9.483510000000001
 685042 11.0336
 435811 10.1957
 1560208 9.66419
 206464 8.2235




# name: <cell-element>
# type: scalar struct
# ndims: 2
 1 1
# length: 2
# name: time
# type: scalar
4


# name: values
# type: matrix
# rows: 39
# columns: 2
 674669 10.8973
 1364553 6.58664
 1124994 8.290839999999999
 1643921 5.63548
 295942 5.86824
 734073 7.47052
 7456 9.94106
 230315 8.70002
 1066158 8.61454
 516026 5.49643
 68551 11.5783
 1288495 11.2358
 1100104 9.153969999999999
 1255300 9.118779999999999
 1462101 8.039490000000001
 59187 8.006119999999999
 1626007 7.31087
 407547 8.752750000000001
 1837661 6.308
 1057529 9.00137
 217771 9.831020000000001
 1154865 7.97113
 878126 6.60827
 217608 6.65722
 747450 11.752
 590920 11.3427
 1059985 6.05235
 1571886 7.19434
 1686641 5.5814
 1087382 9.07765
 1699763 6.18782
 370973 8.865069999999999
 1965952 5.64483
 747474 5.05418
 1878624 9.483510000000001
 685242 11.0336
 436011 10.1957
 1560408 9.66419
 206664 8.2235




# name: <cell-element>
# type: scalar struct
# ndims: 2
 1 1
# length: 2
# name: time
# type: scalar
5


# name: values
# type: matrix
# rows: 35
# columns: 2
 674869 10.8973
 1364753 6.58664
 1125194 8.290839999999999
 1644121 5.63548
 296142 5.86824
 734273 7.47052
 7656 9.94106
 230515 8.70002
 1066358 8.61454
 516226 5.49643
 68751 11.5783
 1288695 11.2358
 1100304 9.153969999999999
 1255500 9.118779999999999
 1462301 8.039490000000001
 59387 8.006119999999999
 1626207 7.31087
 407747 8.752750000000001
 1837861 6.308
 1057729 9.00137
 217971 9.831020000000001
 1155065 7.97113
 1180231 5.76839
 500439 3.32247
 1686841 5.5814
 1087582 9.07765
 1699963 6.18782
 371173 8.865069999999999
 1966152 5.64483
 747674 5.05418
 1878824 9.483510000000001
 685442 11.0336
 436211 10.1957
 1560608 9.66419
 206864 8.2235




# name: <cell-element>
# type: scalar struct
# ndims: 2
 1 1
# length: 2
# name: time
# type: scalar
6


# name: values
# type: matrix
# rows: 41
# columns: 2
 675069 10.8973
 1364953 6.58664
 1125394 8.290839999999999
 1644321 5.63548
 296342 5.86824
 734473 7.47052
 7856 9.94106
 230715 8.70002
 1066558 8.61454
 516426 5.49643
 68951 11.5783
 1288895 11.2358
 1100504 9.153969999999999
 1255700 9.118779999999999
 1462501 8.039490000000001
 59587 8.006119999999999
 1626407 7.31087
 407947 8.752750000000001
 1838061 6.308
 1057929 9.00137
 218171 9.831020000000001
 255095 11.9089
 1143318 1.79944
 347628 7.73531
 976259 9.174670000000001
 679019 9.50062
 392820 7.30187
 1489790 10.4545
 1180431 5.76839
 500639 3.32247
 1687041 5.5814
 1087782 9.07765
 1700163 6.18782
 371373 8.865069999999999
 1966352 5.64483
 747874 5.05418
 1879024 9.483510000000001
 685642 11.0336
 436411 10.1957
 1560808 9.66419
 207064 8.2235




# name: <cell-element>
# type: scalar struct
# ndims: 2
 1 1
# length: 2
# name: time
# type: scalar
7


# name: values
# type: matrix
# rows: 42
# columns: 2
 675269 10.8973
 1365153 6.58664
 1125594 8.290839999999999
 1644521 5.63548
 296542 5.86824
 734673 7.47052
 8056 9.94106
 230915 8.70002
 1066758 8.61454
 516626 5.49643
 69151 11.5783
 1289095 11.2358
 1100704 9.153969999999999
 1255900 9.118779999999999
 1462701 8.039490000000001
 59787 8.006119999999999
 293484 10.0605
 1469917 6.68269
 16516 10.2291
 1782376 8.040039999999999
 1136279 9.83798
 696716 5.39164
 255295 11.9089
 1143518 1.79944
 347828 7.73531
 976459 9.174670000000001
 679219 9.50062
 393020 7.30187
 1489990 10.4545
 1180631 5.76839
 500839 3.32247
 1687241 5.5814
 1087982 9.07765
 1700363 6.18782
 371573 8.865069999999999
 1966552 5.64483
 748074 5.05418
 1879224 9.483510000000001
 685842 11.0336
 436611 10.1957
 1561008 9.66419
 207264 8.2235




# name: <cell-element>
# type: scalar struct
# ndims: 2
 1 1
# length: 2
# name: time
# type: scalar
8


# name: values
# type: matrix
# rows: 45
# columns: 2
 675469 10.8973
 1365353 6.58664
 1125794 8.290839999999999
 1644721 5.63548
 296742 5.86824
 734873 7.47052
 8256 9.94106
 231115 8.70002
 1066958 8.61454
 516826 5.49643
 69351 11.5783
 1289295 11.2358
 1100904 9.153969999999999
 81296 7.48278
 1226390 4.65153
 1881603 10.4344
 1079163 8.828799999999999
 1408873 11.3125
 929963 10.6401
 293684 10.0605
 1470117 6.68269
 16716 10.2291
 1782576 8.040039999999999
 1136479 9.83798
 696916 5.39164
 255495 11.9089
 1143718 1.79944
 348028 7.73531
 976659 9.174670000000001
 679419 9.50062
 393220 7.30187
 1490190 10.4545
 1180831 5.76839
 501039 3.32247
 1687441 5.5814
 1088182 9.07765
 1700563 6.18782
 371773 8.865069999999999
 1966752 5.64483
 748274 5.05418
 1879424 9.483510000000001
 686042 11.0336
 436811 10.1957
 1561208 9.66419
 207464 8.2235




# name: <cell-element>
# type: scalar struct
# ndims: 2
 1 1
# length: 2
# name: time
# type: scalar
9


