# Created by Octave 4.0.3, Wed Jun 14 09:48:43 2017 MDT <savanna@savpad>
# name: data
# type: cell
# rows: 20
# columns: 1
# name: <cell-element>
# type: scalar struct
# ndims: 2
 1 1
# length: 2
# name: time
# type: scalar
1


# name: values
# type: matrix
# rows: 42
# columns: 2
 1350172 11.2358
 541023 5.49643
 1365733 8.553570000000001
 1937160 3.37254
 888467 6.84356
 1547722 6.82155
 686040 6.70846
 1667028 9.779389999999999
 239905 8.70002
 72166 11.5783
 298560 9.14711
 226573 6.65722
 619852 11.3427
 1648012 7.19434
 1532705 8.039490000000001
 1116475 8.61454
 1153615 9.153969999999999
 783678 11.752
 768225 7.47052
 1704778 7.31087
 309464 5.86824
 1315589 9.118779999999999
 30319 9.16685
 1711857 4.99717
 6391 9.94106
 1904124 8.448700000000001
 228332 9.831020000000001
 1209509 7.97113
 426922 8.752750000000001
 920806 6.60827
 1108964 9.00137
 1179780 8.290839999999999
 1429635 6.58664
 1111376 6.05235
 62246 8.006119999999999
 1431544 10.0896
 1926070 6.308
 706582 10.8973
 808480 6.05723
 2031270 10.2666
 1722584 5.63548
 61114 10.9814




# name: <cell-element>
# type: scalar struct
# ndims: 2
 1 1
# length: 2
# name: time
# type: scalar
2


# name: values
# type: matrix
# rows: 53
# columns: 2
 1770012 11.2358
 960863 5.49643
 1783525 8.553570000000001
 1308307 6.84356
 1967562 6.82155
 1105880 6.70846
 343799 8.71616
 2086868 9.779389999999999
 301197 6.40585
 659745 8.70002
 489958 11.5783
 267395 8.30911
 718400 9.14711
 646413 6.65722
 1037644 11.3427
 2067852 7.19434
 283624 7.98036
 1952545 8.039490000000001
 1536315 8.61454
 130274 9.45157
 44967 10.3583
 334834 9.810320000000001
 1571407 9.153969999999999
 1203518 11.752
 225052 10.4743
 2551 5.57474
 131618 11.1562
 1188065 7.47052
 729304 5.86824
 1735429 9.118779999999999
 25269 7.09935
 448111 9.16685
 426231 9.94106
 648172 9.831020000000001
 1629349 7.97113
 846762 8.752750000000001
 121937 8.082090000000001
 1338598 6.60827
 1526756 9.00137
 1597572 8.290839999999999
 122417 8.11637
 1849475 6.58664
 1531216 6.05235
 480038 8.006119999999999
 1849336 10.0896
 1126422 10.8973
 367379 7.18593
 346996 6.3285
 197072 6.83678
 1228320 6.05723
 152980 10.6162
 478906 10.9814
 17738 8.06564




# name: <cell-element>
# type: scalar struct
# ndims: 2
 1 1
# length: 2
# name: time
# type: scalar
3


# name: values
# type: matrix
# rows: 52
# columns: 2
 1378655 5.49643
 1726099 6.84356
 1525720 6.70846
 763639 8.71616
 304279 9.806509999999999
 718989 6.40585
 1079585 8.70002
 204945 8.01324
 237990 9.52276
 909798 11.5783
 119816 8.5405
 687235 8.30911
 1138240 9.14711
 1066253 6.65722
 1457484 11.3427
 703464 7.98036
 1956155 8.61454
 550114 9.45157
 464807 10.3583
 752626 9.810320000000001
 1991247 9.153969999999999
 1621310 11.752
 644892 10.4743
 422391 5.57474
 551458 11.1562
 1607905 7.47052
 158251 8.052289999999999
 1149144 5.86824
 445109 7.09935
 867951 9.16685
 846071 9.94106
 1065964 9.831020000000001
 2049189 7.97113
 1264554 8.752750000000001
 539729 8.082090000000001
 1758438 6.60827
 1946596 9.00137
 2017412 8.290839999999999
 542257 8.11637
 277768 8.680960000000001
 1949008 6.05235
 899878 8.006119999999999
 1546262 10.8973
 161734 8.58803
 787219 7.18593
 766836 6.3285
 616912 6.83678
 1648160 6.05723
 572820 10.6162
 61682 7.83896
 898746 10.9814
 437578 8.06564




# name: <cell-element>
# type: scalar struct
# ndims: 2
 1 1
# length: 2
# name: time
# type: scalar
4


# name: values
# type: matrix
# rows: 51
# columns: 2
 1798495 5.49643
 26142 8.75379
 1945560 6.70846
 1183479 8.71616
 724119 9.806509999999999
 1138829 6.40585
 312793 9.001289999999999
 1499425 8.70002
 622737 8.01324
 657830 9.52276
 1329638 11.5783
 50787 8.02839
 539656 8.5405
 1105027 8.30911
 1556032 9.14711
 1486093 6.65722
 1877324 11.3427
 1123304 7.98036
 967906 9.45157
 884647 10.3583
 1172466 9.810320000000001
 132303 10.2495
 2041150 11.752
 1064732 10.4743
 840183 5.57474
 969250 11.1562
 2027745 7.47052
 578091 8.052289999999999
 1568984 5.86824
 864949 7.09935
 1287791 9.16685
 1265911 9.94106
 1485804 9.831020000000001
 185054 6.63795
 1684394 8.752750000000001
 959569 8.082090000000001
 962097 8.11637
 697608 8.680960000000001
 1319718 8.006119999999999
 393731 5.00395
 1966102 10.8973
 581574 8.58803
 1207059 7.18593
 1186676 6.3285
 1036752 6.83678
 2068000 6.05723
 992660 10.6162
 314299 10.8996
 481522 7.83896
 1318586 10.9814
 855370 8.06564




# name: <cell-element>
# type: scalar struct
# ndims: 2
 1 1
# length: 2
# name: time
# type: scalar
5


# name: values
# type: matrix
# rows: 52
# columns: 2
 445982 8.75379
 1601271 8.71616
 1143959 9.806509999999999
 1558669 6.40585
 311185 11.9416
 732633 9.001289999999999
 1919265 8.70002
 216046 8.91052
 1042577 8.01324
 1075622 9.52276
 1749478 11.5783
 470627 8.02839
 959496 8.5405
 1524867 8.30911
 1975872 9.14711
 1905933 6.65722
 1543144 7.98036
 1387746 9.45157
 1302439 10.3583
 1592306 9.810320000000001
 552143 10.2495
 1484572 10.4743
 1260023 5.57474
 1389090 11.1562
 997931 8.052289999999999
 1986776 5.86824
 1284789 7.09935
 1707631 9.16685
 62755 7.91541
 1685751 9.94106
 193152 7.44028
 1905644 9.831020000000001
 604894 6.63795
 1379409 8.082090000000001
 1381937 8.11637
 76070 6.36016
 1117448 8.680960000000001
 1739558 8.006119999999999
 231734 5.53996
 813571 5.00395
 999366 8.58803
 1626899 7.18593
 1606516 6.3285
 1456592 6.83678
 219291 11.5136
 1410452 10.6162
 732091 10.8996
 901362 7.83896
 1738426 10.9814
 188674 5.81244
 351895 7.65717
 1275210 8.06564




# name: <cell-element>
# type: scalar struct
# ndims: 2
 1 1
# length: 2
# name: time
# type: scalar
6


# name: values
# type: matrix
# rows: 51
# columns: 2
 865822 8.75379
 333187 5.66596
 2021111 8.71616
 282040 8.51605
 1563799 9.806509999999999
 134666 6.0172
 1978509 6.40585
 731025 11.9416
 1152473 9.001289999999999
 635886 8.91052
 1462417 8.01324
 1495462 9.52276
 406619 11.7172
 890467 8.02839
 1379336 8.5405
 1944707 8.30911
 1960936 7.98036
 1807586 9.45157
 1722279 10.3583
 2012146 9.810320000000001
 971983 10.2495
 1904412 10.4743
 1679863 5.57474
 1808930 11.1562
 1415723 8.052289999999999
 1704629 7.09935
 482595 7.91541
 612992 7.44028
 1022686 6.63795
 283437 10.6742
 368144 10.852
 1799249 8.082090000000001
 1801777 8.11637
 495910 6.36016
 1535240 8.680960000000001
 315416 7.05601
 651574 5.53996
 1233411 5.00395
 357981 10.1353
 130625 9.85108
 1419206 8.58803
 2046739 7.18593
 2024308 6.3285
 1874384 6.83678
 639131 11.5136
 1830292 10.6162
 1151931 10.8996
 1319154 7.83896
 608514 5.81244
 771735 7.65717
 1695050 8.06564




# name: <cell-element>
# type: scalar struct
# ndims: 2
 1 1
# length: 2
# name: time
# type: scalar
7


# name: values
# type: matrix
# rows: 40
# columns: 2
 308714 8.41595
 296126 5.46932
 1283614 8.75379
 750979 5.66596
 701880 8.51605
 1981591 9.806509999999999
 554506 6.0172
 1148817 11.9416
 1572313 9.001289999999999
 1055726 8.91052
 1882257 8.01324
 1915302 9.52276
 826459 11.7172
 276137 8.925269999999999
 1308259 8.02839
 1799176 8.5405
 1391823 10.2495
 1835563 8.052289999999999
 902435 7.91541
 1030784 7.44028
 1442526 6.63795
 58249 10.1557
 703277 10.6742
 787984 10.852
 28151 4.77087
 915750 6.36016
 1955080 8.680960000000001
 735256 7.05601
 1069366 5.53996
 1653251 5.00395
 777821 10.1353
 550465 9.85108
 1839046 8.58803
 1058971 11.5136
 1571771 10.8996
 1738994 7.83896
 134999 10.6078
 76491 7.13814
 1028354 5.81244
 1191575 7.65717




# name: <cell-element>
# type: scalar struct
# ndims: 2
 1 1
# length: 2
# name: time
# type: scalar
8


