# Created by Octave 3.8.2, Thu Jun 15 09:13:14 2017 MDT <ssmith@acordar.newmexicoconsortium.org>
# name: data
# type: cell
# rows: 20
# columns: 1
# name: <cell-element>
# type: scalar struct
# ndims: 2
 1 1
# length: 2
# name: time
# type: scalar
1


# name: values
# type: matrix
# rows: 42
# columns: 2
 1350172 11.2358
 541023 5.49643
 1365733 8.553570000000001
 1937160 3.37254
 888467 6.84356
 1547722 6.82155
 686040 6.70846
 1667028 9.779389999999999
 239905 8.70002
 72166 11.5783
 298560 9.14711
 226573 6.65722
 619852 11.3427
 1648012 7.19434
 1532705 8.039490000000001
 1116475 8.61454
 1153615 9.153969999999999
 783678 11.752
 768225 7.47052
 1704778 7.31087
 309464 5.86824
 1315589 9.118779999999999
 30319 9.16685
 1711857 4.99717
 6391 9.94106
 1904124 8.448700000000001
 228332 9.831020000000001
 1209509 7.97113
 426922 8.752750000000001
 920806 6.60827
 1108964 9.00137
 1179780 8.290839999999999
 1429635 6.58664
 1111376 6.05235
 62246 8.006119999999999
 1431544 10.0896
 1926070 6.308
 706582 10.8973
 808480 6.05723
 2031270 10.2666
 1722584 5.63548
 61114 10.9814




# name: <cell-element>
# type: scalar struct
# ndims: 2
 1 1
# length: 2
# name: time
# type: scalar
2


# name: values
# type: matrix
# rows: 42
# columns: 2
 1366556 11.2358
 557407 5.49643
 1382117 8.553570000000001
 1953544 3.37254
 904851 6.84356
 1564106 6.82155
 702424 6.70846
 1683412 9.779389999999999
 256289 8.70002
 88550 11.5783
 314944 9.14711
 242957 6.65722
 636236 11.3427
 1664396 7.19434
 1549089 8.039490000000001
 1132859 8.61454
 1169999 9.153969999999999
 800062 11.752
 784609 7.47052
 1721162 7.31087
 325848 5.86824
 1331973 9.118779999999999
 46703 9.16685
 1728241 4.99717
 22775 9.94106
 1920508 8.448700000000001
 244716 9.831020000000001
 1225893 7.97113
 443306 8.752750000000001
 937190 6.60827
 1125348 9.00137
 1196164 8.290839999999999
 1446019 6.58664
 1127760 6.05235
 78630 8.006119999999999
 1447928 10.0896
 1942454 6.308
 722966 10.8973
 824864 6.05723
 2047654 10.2666
 1738968 5.63548
 77498 10.9814




# name: <cell-element>
# type: scalar struct
# ndims: 2
 1 1
# length: 2
# name: time
# type: scalar
3


# name: values
# type: matrix
# rows: 42
# columns: 2
 1382940 11.2358
 573791 5.49643
 1398501 8.553570000000001
 1969928 3.37254
 921235 6.84356
 1580490 6.82155
 718808 6.70846
 1699796 9.779389999999999
 272673 8.70002
 104934 11.5783
 331328 9.14711
 259341 6.65722
 652620 11.3427
 1680780 7.19434
 1565473 8.039490000000001
 1149243 8.61454
 1186383 9.153969999999999
 816446 11.752
 800993 7.47052
 1737546 7.31087
 342232 5.86824
 1348357 9.118779999999999
 63087 9.16685
 1744625 4.99717
 39159 9.94106
 1936892 8.448700000000001
 261100 9.831020000000001
 1242277 7.97113
 459690 8.752750000000001
 953574 6.60827
 1141732 9.00137
 1212548 8.290839999999999
 1462403 6.58664
 1144144 6.05235
 95014 8.006119999999999
 1464312 10.0896
 1958838 6.308
 739350 10.8973
 841248 6.05723
 2064038 10.2666
 1755352 5.63548
 93882 10.9814




# name: <cell-element>
# type: scalar struct
# ndims: 2
 1 1
# length: 2
# name: time
# type: scalar
4


# name: values
# type: matrix
# rows: 42
# columns: 2
 1399324 11.2358
 590175 5.49643
 1414885 8.553570000000001
 1986312 3.37254
 937619 6.84356
 1596874 6.82155
 735192 6.70846
 1716180 9.779389999999999
 289057 8.70002
 121318 11.5783
 347712 9.14711
 275725 6.65722
 669004 11.3427
 1697164 7.19434
 1581857 8.039490000000001
 1165627 8.61454
 1202767 9.153969999999999
 832830 11.752
 817377 7.47052
 1753930 7.31087
 358616 5.86824
 1364741 9.118779999999999
 79471 9.16685
 1761009 4.99717
 55543 9.94106
 1953276 8.448700000000001
 277484 9.831020000000001
 1258661 7.97113
 476074 8.752750000000001
 969958 6.60827
 1158116 9.00137
 1228932 8.290839999999999
 1478787 6.58664
 1160528 6.05235
 111398 8.006119999999999
 1480696 10.0896
 1975222 6.308
 755734 10.8973
 857632 6.05723
 2080422 10.2666
 1771736 5.63548
 110266 10.9814




# name: <cell-element>
# type: scalar struct
# ndims: 2
 1 1
# length: 2
# name: time
# type: scalar
5


# name: values
# type: matrix
# rows: 43
# columns: 2
 1415708 11.2358
 606559 5.49643
 1431269 8.553570000000001
 2002696 3.37254
 954003 6.84356
 1613258 6.82155
 751576 6.70846
 1732564 9.779389999999999
 307489 8.70002
 137702 11.5783
 364096 9.14711
 292109 6.65722
 685388 11.3427
 1713548 7.19434
 1598241 8.039490000000001
 1182011 8.61454
 1219151 9.153969999999999
 849214 11.752
 833761 7.47052
 1770314 7.31087
 375000 5.86824
 1381125 9.118779999999999
 95855 9.16685
 1777393 4.99717
 71927 9.94106
 1969660 8.448700000000001
 293868 9.831020000000001
 1275045 7.97113
 492458 8.752750000000001
 986342 6.60827
 1174500 9.00137
 1245316 8.290839999999999
 1495171 6.58664
 1176912 6.05235
 127782 8.006119999999999
 1497080 10.0896
 1991606 6.308
 772118 10.8973
 15123 7.18593
 874016 6.05723
 2096806 10.2666
 1788120 5.63548
 126650 10.9814




# name: <cell-element>
# type: scalar struct
# ndims: 2
 1 1
# length: 2
# name: time
# type: scalar
6


# name: values
# type: matrix
# rows: 44
# columns: 2
 1432092 11.2358
 622943 5.49643
 1447653 8.553570000000001
 2019080 3.37254
 970387 6.84356
 1629642 6.82155
 767960 6.70846
 5879 8.71616
 1748948 9.779389999999999
 321825 8.70002
 154086 11.5783
 380480 9.14711
 308493 6.65722
 701772 11.3427
 1729932 7.19434
 1614625 8.039490000000001
 1198395 8.61454
 1235535 9.153969999999999
 865598 11.752
 850145 7.47052
 1786698 7.31087
 391384 5.86824
 1397509 9.118779999999999
 112239 9.16685
 1793777 4.99717
 88311 9.94106
 1986044 8.448700000000001
 310252 9.831020000000001
 1291429 7.97113
 508842 8.752750000000001
 1002726 6.60827
 1190884 9.00137
 1261700 8.290839999999999
 1511555 6.58664
 1193296 6.05235
 144166 8.006119999999999
 1513464 10.0896
 2007990 6.308
 788502 10.8973
 31507 7.18593
 9076 6.3285
 890400 6.05723
 1804504 5.63548
 143034 10.9814




# name: <cell-element>
# type: scalar struct
# ndims: 2
 1 1
# length: 2
# name: time
# type: scalar
7


# name: values
# type: matrix
# rows: 45
# columns: 2
 1448476 11.2358
 639327 5.49643
 1464037 8.553570000000001
 2035464 3.37254
 986771 6.84356
 1646026 6.82155
 784344 6.70846
 22263 8.71616
 1765332 9.779389999999999
 340257 8.70002
 170470 11.5783
 396864 9.14711
 324877 6.65722
 718156 11.3427
 1746316 7.19434
 1631009 8.039490000000001
 1214779 8.61454
 13298 9.810320000000001
 1251919 9.153969999999999
 881982 11.752
 866529 7.47052
 1803082 7.31087
 407768 5.86824
 1413893 9.118779999999999
 128623 9.16685
 1810161 4.99717
 104695 9.94106
 2002428 8.448700000000001
 326636 9.831020000000001
 1307813 7.97113
 525226 8.752750000000001
 1019110 6.60827
 1207268 9.00137
 1278084 8.290839999999999
 1527939 6.58664
 1209680 6.05235
 160550 8.006119999999999
 1529848 10.0896
 2024374 6.308
 804886 10.8973
 47891 7.18593
 25460 6.3285
 906784 6.05723
 1820888 5.63548
 159418 10.9814




# name: <cell-element>
# type: scalar struct
# ndims: 2
 1 1
# length: 2
# name: time
# type: scalar
8


# name: values
# type: matrix
# rows: 45
# columns: 2
 1464860 11.2358
 655711 5.49643
 1480421 8.553570000000001
 2051848 3.37254
 1003155 6.84356
 1662410 6.82155
 800728 6.70846
 38647 8.71616
 1781716 9.779389999999999
 354593 8.70002
 186854 11.5783
 413248 9.14711
 341261 6.65722
 734540 11.3427
 1762700 7.19434
 1647393 8.039490000000001
 1231163 8.61454
 29682 9.810320000000001
 1268303 9.153969999999999
 898366 11.752
 882913 7.47052
 1819466 7.31087
 424152 5.86824
 1430277 9.118779999999999
 145007 9.16685
 1826545 4.99717
 121079 9.94106
 2018812 8.448700000000001
 343020 9.831020000000001
 1324197 7.97113
 541610 8.752750000000001
 1035494 6.60827
 1223652 9.00137
 1294468 8.290839999999999
 1544323 6.58664
 1226064 6.05235
 176934 8.006119999999999
 1546232 10.0896
 2040758 6.308
 821270 10.8973
 64275 7.18593
 41844 6.3285
 923168 6.05723
 1837272 5.63548
 175802 10.9814




# name: <cell-element>
# type: scalar struct
# ndims: 2
 1 1
# length: 2
